firstName,lastName,mobile
John,Smith,52000666
Jane,Doe,50230566
Juan,Perez,44666522
Emily,Wong,98414156
Robert,Johnson,98414111
Maria,Garcia,24691400
Ahmed,Ali,52654558
Mei,Chen,50223366
